1.970000028610229492e+00
1.970264315605163574e+00
1.970528483390808105e+00
1.970792889595031738e+00
1.971057176589965820e+00
1.971321344375610352e+00
1.971585750579833984e+00
1.971850037574768066e+00
1.972114443778991699e+00
1.972378611564636230e+00
1.972642898559570312e+00
1.972907304763793945e+00
1.973171472549438477e+00
1.973435759544372559e+00
1.973700165748596191e+00
1.973964333534240723e+00
1.974228501319885254e+00
1.974493026733398438e+00
1.974757194519042969e+00
1.975021362304687500e+00
1.975285887718200684e+00
1.975550055503845215e+00
1.975814461708068848e+00
1.976078748703002930e+00
1.976342916488647461e+00
1.976607322692871094e+00
1.976871490478515625e+00
1.977135777473449707e+00
1.977400183677673340e+00
1.977664351463317871e+00
1.977928638458251953e+00
1.978193044662475586e+00
1.978457212448120117e+00
1.978721737861633301e+00
1.978985905647277832e+00
1.979250073432922363e+00
1.979514479637145996e+00
1.979778766632080078e+00
1.980042934417724609e+00
1.980307340621948242e+00
1.980571627616882324e+00
1.980835795402526855e+00
1.981100201606750488e+00
1.981364488601684570e+00
1.981628656387329102e+00
1.981893062591552734e+00
1.982157349586486816e+00
1.982421755790710449e+00
1.982685923576354980e+00
1.982950210571289062e+00
1.983214616775512695e+00
1.983478784561157227e+00
1.983742952346801758e+00
1.984007477760314941e+00
1.984271645545959473e+00
1.984535813331604004e+00
1.984800338745117188e+00
1.985064506530761719e+00
1.985328912734985352e+00
1.985593199729919434e+00
1.985857367515563965e+00
1.986121773719787598e+00
1.986385941505432129e+00
1.986650228500366211e+00
1.986914634704589844e+00
1.987178802490234375e+00
1.987443089485168457e+00
1.987707495689392090e+00
1.987971663475036621e+00
1.988235950469970703e+00
1.988500356674194336e+00
1.988764524459838867e+00
1.989028930664062500e+00
1.989293217658996582e+00
1.989557385444641113e+00
1.989821791648864746e+00
1.990086078643798828e+00
1.990350246429443359e+00
1.990614652633666992e+00
1.990878939628601074e+00
1.991143107414245605e+00
1.991407513618469238e+00
1.991671800613403320e+00
1.991936206817626953e+00
1.992200374603271484e+00
1.992464661598205566e+00
1.992729067802429199e+00
1.992993235588073730e+00
1.993257403373718262e+00
1.993521928787231445e+00
1.993786096572875977e+00
1.994050264358520508e+00
1.994314789772033691e+00
1.994578957557678223e+00
1.994843125343322754e+00
1.995107650756835938e+00
1.995371818542480469e+00
1.995636224746704102e+00
1.995900392532348633e+00
1.996164679527282715e+00
1.996429085731506348e+00
1.996693253517150879e+00
1.996957540512084961e+00
1.997221946716308594e+00
1.997486114501953125e+00
1.997750401496887207e+00
1.998014807701110840e+00
1.998278975486755371e+00
1.998543381690979004e+00
1.998807668685913086e+00
1.999071836471557617e+00
1.999336242675781250e+00
1.999600529670715332e+00
1.999864697456359863e+00
2.000129222869873047e+00
2.000393390655517578e+00
2.000657558441162109e+00
2.000921964645385742e+00
2.001186132431030273e+00
2.001450300216674805e+00
2.001714944839477539e+00
2.001979112625122070e+00
2.002243518829345703e+00
2.002507686614990234e+00
2.002771854400634766e+00
2.003036260604858398e+00
2.003300666809082031e+00
2.003564834594726562e+00
2.003829240798950195e+00
2.004093408584594727e+00
2.004357576370239258e+00
2.004621982574462891e+00
2.004886150360107422e+00
2.005150794982910156e+00
2.005414962768554688e+00
2.005679130554199219e+00
2.005943536758422852e+00
2.006207704544067383e+00
2.006471872329711914e+00
2.006736278533935547e+00
2.007000684738159180e+00
2.007264852523803711e+00
2.007529258728027344e+00
2.007793426513671875e+00
2.008057594299316406e+00
2.008322000503540039e+00
2.008586406707763672e+00
2.008850812911987305e+00
2.009114980697631836e+00
2.009379148483276367e+00
2.009643554687500000e+00
2.009907722473144531e+00
2.010172128677368164e+00
2.010436534881591797e+00
2.010700702667236328e+00
2.010964870452880859e+00
2.011229276657104492e+00
2.011493444442749023e+00
2.011757850646972656e+00
2.012022256851196289e+00
2.012286424636840820e+00
2.012550830841064453e+00
2.012814998626708984e+00
2.013079166412353516e+00
2.013343572616577148e+00
2.013607740402221680e+00
2.013872146606445312e+00
2.014136552810668945e+00
2.014400720596313477e+00
2.014664888381958008e+00
2.014929294586181641e+00
2.015193462371826172e+00
2.015458106994628906e+00
2.015722274780273438e+00
2.015986442565917969e+00
2.016250848770141602e+00
2.016515016555786133e+00
2.016779184341430664e+00
2.017043590545654297e+00
2.017307996749877930e+00
2.017572164535522461e+00
2.017836570739746094e+00
2.018100738525390625e+00
2.018365144729614258e+00
2.018629312515258789e+00
2.018893718719482422e+00
2.019158124923706055e+00
2.019422292709350586e+00
2.019686460494995117e+00
2.019950866699218750e+00
2.020215034484863281e+00
2.020479202270507812e+00
2.020743846893310547e+00
2.021008014678955078e+00
2.021272420883178711e+00
2.021536588668823242e+00
2.021800756454467773e+00
2.022065162658691406e+00
2.022329568862915039e+00
2.022593736648559570e+00
2.022858142852783203e+00
2.023122310638427734e+00
2.023386478424072266e+00
2.023650884628295898e+00
2.023915052413940430e+00
2.024179458618164062e+00
2.024443864822387695e+00
2.024708032608032227e+00
2.024972438812255859e+00
2.025236606597900391e+00
2.025500774383544922e+00
2.025765180587768555e+00
2.026029586791992188e+00
2.026293754577636719e+00
2.026558160781860352e+00
2.026822328567504883e+00
2.027086496353149414e+00
2.027350902557373047e+00
2.027615308761596680e+00
2.027879714965820312e+00
2.028143882751464844e+00
2.028408050537109375e+00
2.028672456741333008e+00
2.028936624526977539e+00
2.029201030731201172e+00
2.029465436935424805e+00
2.029729604721069336e+00
2.029993772506713867e+00
2.030258178710937500e+00
2.030522346496582031e+00
2.030786514282226562e+00
2.031051158905029297e+00
2.031315326690673828e+00
2.031579732894897461e+00
2.031843900680541992e+00
2.032108068466186523e+00
2.032372474670410156e+00
2.032636642456054688e+00
2.032901048660278320e+00
2.033165454864501953e+00
2.033429622650146484e+00
2.033693790435791016e+00
2.033958196640014648e+00
2.034222364425659180e+00
2.034487009048461914e+00
2.034751176834106445e+00
2.035015344619750977e+00
2.035279750823974609e+00
2.035543918609619141e+00
2.035808086395263672e+00
2.036072492599487305e+00
2.036336898803710938e+00
2.036601066589355469e+00
2.036865472793579102e+00
2.037129640579223633e+00
2.037393808364868164e+00
2.037658214569091797e+00
2.037922620773315430e+00
2.038187026977539062e+00
2.038451194763183594e+00
2.038715362548828125e+00
2.038979768753051758e+00
2.039243936538696289e+00
2.039508104324340820e+00
2.039772748947143555e+00
2.040036916732788086e+00
2.040301084518432617e+00
2.040565490722656250e+00
2.040829658508300781e+00
2.041094064712524414e+00
2.041358470916748047e+00
2.041622638702392578e+00
2.041887044906616211e+00
2.042151212692260742e+00
2.042415380477905273e+00
2.042679786682128906e+00
2.042943954467773438e+00
2.043208360671997070e+00
2.043472766876220703e+00
2.043736934661865234e+00
2.044001102447509766e+00
2.044265508651733398e+00
2.044529676437377930e+00
2.044794082641601562e+00
2.045058488845825195e+00
2.045322656631469727e+00
2.045587062835693359e+00
2.045851230621337891e+00
2.046115398406982422e+00
2.046379804611206055e+00
2.046644210815429688e+00
2.046908378601074219e+00
2.047172784805297852e+00
2.047436952590942383e+00
2.047701358795166016e+00
2.047965526580810547e+00
2.048229932785034180e+00
2.048494338989257812e+00
2.048758506774902344e+00
2.049022674560546875e+00
2.049287080764770508e+00
2.049551248550415039e+00
2.049815416336059570e+00
2.050080060958862305e+00
2.050344228744506836e+00
2.050608396530151367e+00
2.050872802734375000e+00
2.051136970520019531e+00
2.051401376724243164e+00
2.051665544509887695e+00
2.051929950714111328e+00
2.052194356918334961e+00
2.052458524703979492e+00
2.052722692489624023e+00
2.052987098693847656e+00
2.053251266479492188e+00
2.053515672683715820e+00
2.053780078887939453e+00
2.054044246673583984e+00
2.054308652877807617e+00
2.054572820663452148e+00
2.054836988449096680e+00
2.055101394653320312e+00
2.055365800857543945e+00
2.055629968643188477e+00
2.055894374847412109e+00
2.056158542633056641e+00
2.056422710418701172e+00
2.056687116622924805e+00
2.056951522827148438e+00
2.057215690612792969e+00
2.057480096817016602e+00
2.057744264602661133e+00
2.058008670806884766e+00
2.058272838592529297e+00
2.058537006378173828e+00
2.058801651000976562e+00
2.059065818786621094e+00
2.059329986572265625e+00
2.059594392776489258e+00
2.059858560562133789e+00
2.060122728347778320e+00
2.060387372970581055e+00
2.060651540756225586e+00
2.060915946960449219e+00
2.061180114746093750e+00
2.061444282531738281e+00
2.061708688735961914e+00
2.061972856521606445e+00
2.062237262725830078e+00
2.062501668930053711e+00
2.062765836715698242e+00
2.063030004501342773e+00
2.063294410705566406e+00
2.063558578491210938e+00
2.063822984695434570e+00
2.064087390899658203e+00
2.064351558685302734e+00
2.064615964889526367e+00
2.064880132675170898e+00
2.065144300460815430e+00
2.065408706665039062e+00
2.065673112869262695e+00
2.065937280654907227e+00
2.066201686859130859e+00
2.066465854644775391e+00
2.066730022430419922e+00
2.066994428634643555e+00
2.067258834838867188e+00
2.067523241043090820e+00
2.067787408828735352e+00
2.068051576614379883e+00
2.068315982818603516e+00
2.068580150604248047e+00
2.068844318389892578e+00
2.069108963012695312e+00
2.069373130798339844e+00
2.069637298583984375e+00
2.069901704788208008e+00
2.070165872573852539e+00
2.070430040359497070e+00
2.070694446563720703e+00
2.070958852767944336e+00
2.071223258972167969e+00
2.071487426757812500e+00
2.071751594543457031e+00
2.072016000747680664e+00
2.072280168533325195e+00
2.072544574737548828e+00
2.072808980941772461e+00
2.073073148727416992e+00
2.073337316513061523e+00
2.073601722717285156e+00
2.073865890502929688e+00
2.074130296707153320e+00
2.074394702911376953e+00
2.074658870697021484e+00
2.074923276901245117e+00
2.075187444686889648e+00
2.075451612472534180e+00
2.075716018676757812e+00
2.075980424880981445e+00
2.076244592666625977e+00
2.076508998870849609e+00
2.076773166656494141e+00
2.077037334442138672e+00
2.077301740646362305e+00
2.077565908432006836e+00
2.077830553054809570e+00
2.078094720840454102e+00
2.078358888626098633e+00
2.078623294830322266e+00
2.078887462615966797e+00
2.079151630401611328e+00
2.079416275024414062e+00
2.079680442810058594e+00
2.079944610595703125e+00
2.080209016799926758e+00
2.080473184585571289e+00
2.080737590789794922e+00
2.081001758575439453e+00
2.081266164779663086e+00
2.081530570983886719e+00
2.081794738769531250e+00
2.082058906555175781e+00
2.082323312759399414e+00
2.082587480545043945e+00
2.082851886749267578e+00
2.083116292953491211e+00
2.083380460739135742e+00
2.083644866943359375e+00
2.083909034729003906e+00
2.084173202514648438e+00
2.084437608718872070e+00
2.084702014923095703e+00
2.084966182708740234e+00
2.085230588912963867e+00
2.085494756698608398e+00
2.085758924484252930e+00
2.086023330688476562e+00
2.086287736892700195e+00
2.086551904678344727e+00
2.086816310882568359e+00
2.087080478668212891e+00
2.087344884872436523e+00
2.087609052658081055e+00
2.087873220443725586e+00
2.088137865066528320e+00
2.088402032852172852e+00
2.088666200637817383e+00
2.088930606842041016e+00
2.089194774627685547e+00
2.089458942413330078e+00
2.089723348617553711e+00
2.089987754821777344e+00
2.090252161026000977e+00
2.090516328811645508e+00
2.090780496597290039e+00
2.091044902801513672e+00
2.091309070587158203e+00
2.091573476791381836e+00
2.091837882995605469e+00
2.092102050781250000e+00
2.092366218566894531e+00
2.092630624771118164e+00
2.092894792556762695e+00
2.093159198760986328e+00
2.093423604965209961e+00
2.093687772750854492e+00
2.093952178955078125e+00
2.094216346740722656e+00
2.094480514526367188e+00
2.094744920730590820e+00
2.095009326934814453e+00
2.095273494720458984e+00
2.095537900924682617e+00
2.095802068710327148e+00
2.096066236495971680e+00
2.096330642700195312e+00
2.096594810485839844e+00
2.096859455108642578e+00
2.097123622894287109e+00
2.097387790679931641e+00
2.097652196884155273e+00
2.097916364669799805e+00
2.098180532455444336e+00
2.098445177078247070e+00
2.098709344863891602e+00
2.098973512649536133e+00
2.099237918853759766e+00
2.099502086639404297e+00
2.099766254425048828e+00
2.100030660629272461e+00
2.100295066833496094e+00
2.100559473037719727e+00
2.100823640823364258e+00
2.101087808609008789e+00
2.101352214813232422e+00
2.101616382598876953e+00
2.101880788803100586e+00
2.102145195007324219e+00
2.102409362792968750e+00
2.102673530578613281e+00
2.102937936782836914e+00
2.103202104568481445e+00
2.103466510772705078e+00
2.103730916976928711e+00
2.103995084762573242e+00
2.104259490966796875e+00
2.104523658752441406e+00
2.104787826538085938e+00
2.105052232742309570e+00
2.105316638946533203e+00
2.105580806732177734e+00
2.105845212936401367e+00
2.106109380722045898e+00
2.106373548507690430e+00
2.106637954711914062e+00
2.106902122497558594e+00
2.107166767120361328e+00
2.107430934906005859e+00
2.107695102691650391e+00
2.107959508895874023e+00
2.108223676681518555e+00
2.108487844467163086e+00
2.108752250671386719e+00
2.109016656875610352e+00
2.109280824661254883e+00
2.109545230865478516e+00
2.109809398651123047e+00
2.110073804855346680e+00
2.110337972640991211e+00
2.110602378845214844e+00
2.110866785049438477e+00
2.111130952835083008e+00
2.111395120620727539e+00
2.111659526824951172e+00
2.111923694610595703e+00
2.112188100814819336e+00
2.112452507019042969e+00
2.112716674804687500e+00
2.112980842590332031e+00
2.113245248794555664e+00
2.113509416580200195e+00
2.113773822784423828e+00
2.114038228988647461e+00
2.114302396774291992e+00
2.114566802978515625e+00
2.114830970764160156e+00
2.115095138549804688e+00
2.115359544754028320e+00
2.115623712539672852e+00
2.115888118743896484e+00
2.116152524948120117e+00
2.116416692733764648e+00
2.116681098937988281e+00
2.116945266723632812e+00
2.117209434509277344e+00
2.117474079132080078e+00
2.117738246917724609e+00
2.118002414703369141e+00
2.118266820907592773e+00
2.118530988693237305e+00
2.118795156478881836e+00
2.119059562683105469e+00
2.119323968887329102e+00
2.119588136672973633e+00
2.119852542877197266e+00
2.120116710662841797e+00
2.120381116867065430e+00
2.120645284652709961e+00
2.120909690856933594e+00
2.121174097061157227e+00
2.121438264846801758e+00
2.121702432632446289e+00
2.121966838836669922e+00
2.122231006622314453e+00
2.122495174407958984e+00
2.122759819030761719e+00
2.123023986816406250e+00
2.123288393020629883e+00
2.123552560806274414e+00
2.123816728591918945e+00
2.124081134796142578e+00
2.124345541000366211e+00
2.124609708786010742e+00
2.124874114990234375e+00
2.125138282775878906e+00
2.125402450561523438e+00
2.125666856765747070e+00
2.125931024551391602e+00
2.126195430755615234e+00
2.126459836959838867e+00
2.126724004745483398e+00
2.126988410949707031e+00
2.127252578735351562e+00
2.127516746520996094e+00
2.127781391143798828e+00
2.128045558929443359e+00
2.128309726715087891e+00
2.128574132919311523e+00
2.128838300704956055e+00
2.129102468490600586e+00
2.129366874694824219e+00
2.129631280899047852e+00
2.129895687103271484e+00
2.130159854888916016e+00
2.130424022674560547e+00
2.130688428878784180e+00
2.130952596664428711e+00
2.131217002868652344e+00
2.131481409072875977e+00
2.131745576858520508e+00
2.132009744644165039e+00
2.132274150848388672e+00
2.132538318634033203e+00
2.132802486419677734e+00
2.133067131042480469e+00
2.133331298828125000e+00
2.133595705032348633e+00
2.133859872817993164e+00
2.134124040603637695e+00
2.134388446807861328e+00
2.134652614593505859e+00
2.134917020797729492e+00
2.135181427001953125e+00
2.135445594787597656e+00
2.135709762573242188e+00
2.135974168777465820e+00
2.136238336563110352e+00
2.136502981185913086e+00
2.136767148971557617e+00
2.137031316757202148e+00
2.137295722961425781e+00
2.137559890747070312e+00
2.137824058532714844e+00
2.138088464736938477e+00
2.138352870941162109e+00
2.138617038726806641e+00
2.138881444931030273e+00
2.139145612716674805e+00
2.139409780502319336e+00
2.139674186706542969e+00
2.139938592910766602e+00
2.140202999114990234e+00
2.140467166900634766e+00
2.140731334686279297e+00
2.140995740890502930e+00
2.141259908676147461e+00
2.141524076461791992e+00
2.141788721084594727e+00
2.142052888870239258e+00
2.142317056655883789e+00
2.142581462860107422e+00
2.142845630645751953e+00
2.143110036849975586e+00
2.143374443054199219e+00
2.143638610839843750e+00
2.143903017044067383e+00
2.144167184829711914e+00
2.144431352615356445e+00
2.144695758819580078e+00
2.144959926605224609e+00
2.145224332809448242e+00
2.145488739013671875e+00
2.145752906799316406e+00
2.146017313003540039e+00
2.146281480789184570e+00
2.146545648574829102e+00
2.146810293197631836e+00
2.147074460983276367e+00
2.147338628768920898e+00
2.147603034973144531e+00
2.147867202758789062e+00
2.148131370544433594e+00
2.148395776748657227e+00
2.148660182952880859e+00
2.148924350738525391e+00
2.149188756942749023e+00
2.149452924728393555e+00
2.149717330932617188e+00
2.149981498718261719e+00
2.150245904922485352e+00
2.150510311126708984e+00
2.150774478912353516e+00
2.151038646697998047e+00
2.151303052902221680e+00
2.151567220687866211e+00
2.151831388473510742e+00
2.152096033096313477e+00
2.152360200881958008e+00
2.152624607086181641e+00
2.152888774871826172e+00
2.153152942657470703e+00
2.153417348861694336e+00
2.153681516647338867e+00
2.153945922851562500e+00
2.154210329055786133e+00
2.154474496841430664e+00
2.154738664627075195e+00
2.155003070831298828e+00
2.155267238616943359e+00
2.155531644821166992e+00
2.155796051025390625e+00
2.156060218811035156e+00
2.156324625015258789e+00
2.156588792800903320e+00
2.156852960586547852e+00
2.157117366790771484e+00
2.157381772994995117e+00
2.157645940780639648e+00
2.157910346984863281e+00
2.158174514770507812e+00
2.158438682556152344e+00
2.158703088760375977e+00
2.158967494964599609e+00
2.159231901168823242e+00
2.159496068954467773e+00
2.159760236740112305e+00
2.160024642944335938e+00
2.160288810729980469e+00
2.160552978515625000e+00
2.160817623138427734e+00
2.161081790924072266e+00
2.161345958709716797e+00
2.161610364913940430e+00
2.161874532699584961e+00
2.162138700485229492e+00
2.162403345108032227e+00
2.162667512893676758e+00
2.162931919097900391e+00
2.163196086883544922e+00
2.163460254669189453e+00
2.163724660873413086e+00
2.163988828659057617e+00
2.164253234863281250e+00
2.164517641067504883e+00
2.164781808853149414e+00
2.165045976638793945e+00
2.165310382843017578e+00
2.165574550628662109e+00
2.165839195251464844e+00
2.166103363037109375e+00
2.166367530822753906e+00
2.166631937026977539e+00
2.166896104812622070e+00
2.167160272598266602e+00
2.167424678802490234e+00
2.167689085006713867e+00
2.167953252792358398e+00
2.168217658996582031e+00
2.168481826782226562e+00
2.168745994567871094e+00
2.169010400772094727e+00
2.169274806976318359e+00
2.169539213180541992e+00
2.169803380966186523e+00
2.170067548751831055e+00
2.170331954956054688e+00
2.170596122741699219e+00
2.170860290527343750e+00
2.171124935150146484e+00
2.171389102935791016e+00
2.171653270721435547e+00
2.171917676925659180e+00
2.172181844711303711e+00
2.172446250915527344e+00
2.172710418701171875e+00
2.172974824905395508e+00
2.173239231109619141e+00
2.173503398895263672e+00
2.173767566680908203e+00
2.174031972885131836e+00
2.174296140670776367e+00
2.174560546875000000e+00
2.174824953079223633e+00
2.175089120864868164e+00
2.175353288650512695e+00
2.175617694854736328e+00
2.175881862640380859e+00
2.176146268844604492e+00
2.176410675048828125e+00
2.176674842834472656e+00
2.176939249038696289e+00
2.177203416824340820e+00
2.177467584609985352e+00
2.177731990814208984e+00
2.177996397018432617e+00
2.178260564804077148e+00
2.178524971008300781e+00
2.178789138793945312e+00
2.179053544998168945e+00
2.179317712783813477e+00
2.179581880569458008e+00
2.179846525192260742e+00
2.180110692977905273e+00
2.180374860763549805e+00
2.180639266967773438e+00
2.180903434753417969e+00
2.181167602539062500e+00
2.181432247161865234e+00
2.181696414947509766e+00
2.181960582733154297e+00
2.182224988937377930e+00
2.182489156723022461e+00
2.182753562927246094e+00
2.183017730712890625e+00
2.183282136917114258e+00
2.183546543121337891e+00
2.183810710906982422e+00
2.184074878692626953e+00
2.184339284896850586e+00
2.184603452682495117e+00
2.184867858886718750e+00
2.185132265090942383e+00
2.185396432876586914e+00
2.185660839080810547e+00
2.185925006866455078e+00
2.186189174652099609e+00
2.186453580856323242e+00
2.186717987060546875e+00
2.186982154846191406e+00
2.187246561050415039e+00
2.187510728836059570e+00
2.187774896621704102e+00
2.188039302825927734e+00
2.188303709030151367e+00
2.188567876815795898e+00
2.188832283020019531e+00
2.189096450805664062e+00
2.189360857009887695e+00
2.189625024795532227e+00
2.189889192581176758e+00
2.190153837203979492e+00
2.190418004989624023e+00
2.190682172775268555e+00
2.190946578979492188e+00
2.191210746765136719e+00
2.191474914550781250e+00
2.191739559173583984e+00
2.192003726959228516e+00
2.192268133163452148e+00
2.192532300949096680e+00
2.192796468734741211e+00
2.193060874938964844e+00
2.193325042724609375e+00
2.193589448928833008e+00
2.193853855133056641e+00
2.194118022918701172e+00
2.194382190704345703e+00
2.194646596908569336e+00
2.194910764694213867e+00
2.195175170898437500e+00
2.195439577102661133e+00
2.195703744888305664e+00
2.195968151092529297e+00
2.196232318878173828e+00
2.196496486663818359e+00
2.196760892868041992e+00
2.197025299072265625e+00
2.197289466857910156e+00
2.197553873062133789e+00
2.197818040847778320e+00
2.198082208633422852e+00
2.198346614837646484e+00
2.198610782623291016e+00
2.198875427246093750e+00
2.199139595031738281e+00
2.199403762817382812e+00
2.199668169021606445e+00
2.199932336807250977e+00
2.200196504592895508e+00
2.200461149215698242e+00
2.200725317001342773e+00
2.200989484786987305e+00
2.201253890991210938e+00
2.201518058776855469e+00
2.201782226562500000e+00
2.202046632766723633e+00
2.202311038970947266e+00
2.202575445175170898e+00
2.202839612960815430e+00
2.203103780746459961e+00
2.203368186950683594e+00
2.203632354736328125e+00
2.203896760940551758e+00
2.204161167144775391e+00
2.204425334930419922e+00
2.204689502716064453e+00
2.204953908920288086e+00
2.205218076705932617e+00
2.205482482910156250e+00
2.205746889114379883e+00
2.206011056900024414e+00
2.206275463104248047e+00
2.206539630889892578e+00
2.206803798675537109e+00
2.207068204879760742e+00
2.207332611083984375e+00
2.207596778869628906e+00
2.207861185073852539e+00
2.208125352859497070e+00
2.208389759063720703e+00
2.208653926849365234e+00
2.208918094635009766e+00
2.209182739257812500e+00
2.209446907043457031e+00
2.209711074829101562e+00
2.209975481033325195e+00
2.210239648818969727e+00
2.210503816604614258e+00
2.210768461227416992e+00
2.211032629013061523e+00
2.211296796798706055e+00
2.211561203002929688e+00
2.211825370788574219e+00
2.212089776992797852e+00
2.212353944778442383e+00
2.212618350982666016e+00
2.212882757186889648e+00
2.213146924972534180e+00
2.213411092758178711e+00
2.213675498962402344e+00
2.213939666748046875e+00
2.214204072952270508e+00
2.214468479156494141e+00
2.214732646942138672e+00
2.214997053146362305e+00
2.215261220932006836e+00
2.215525388717651367e+00
2.215789794921875000e+00
2.216054201126098633e+00
2.216318368911743164e+00
2.216582775115966797e+00
2.216846942901611328e+00
2.217111110687255859e+00
2.217375516891479492e+00
2.217639684677124023e+00
2.217904090881347656e+00
2.218168497085571289e+00
2.218432664871215820e+00
2.218697071075439453e+00
2.218961238861083984e+00
2.219225406646728516e+00
2.219490051269531250e+00
2.219754219055175781e+00
2.220018386840820312e+00
2.220282793045043945e+00
2.220546960830688477e+00
2.220811128616333008e+00
2.221075534820556641e+00
2.221339941024780273e+00
2.221604347229003906e+00
2.221868515014648438e+00
2.222132682800292969e+00
2.222397089004516602e+00
2.222661256790161133e+00
2.222925662994384766e+00
2.223190069198608398e+00
2.223454236984252930e+00
2.223718404769897461e+00
2.223982810974121094e+00
2.224246978759765625e+00
2.224511146545410156e+00
2.224775791168212891e+00
2.225039958953857422e+00
2.225304365158081055e+00
2.225568532943725586e+00
2.225832700729370117e+00
2.226097106933593750e+00
2.226361513137817383e+00
2.226625680923461914e+00
2.226890087127685547e+00
2.227154254913330078e+00
2.227418422698974609e+00
2.227682828903198242e+00
2.227946996688842773e+00
2.228211641311645508e+00
2.228475809097290039e+00
2.228739976882934570e+00
2.229004383087158203e+00
2.229268550872802734e+00
2.229532718658447266e+00
2.229797363281250000e+00
2.230061531066894531e+00
2.230325698852539062e+00
2.230590105056762695e+00
2.230854272842407227e+00
2.231118440628051758e+00
2.231382846832275391e+00
2.231647253036499023e+00
2.231911659240722656e+00
2.232175827026367188e+00
2.232439994812011719e+00
2.232704401016235352e+00
2.232968568801879883e+00
2.233232975006103516e+00
2.233497381210327148e+00
2.233761548995971680e+00
2.234025716781616211e+00
2.234290122985839844e+00
2.234554290771484375e+00
2.234818696975708008e+00
2.235083103179931641e+00
2.235347270965576172e+00
2.235611677169799805e+00
2.235875844955444336e+00
2.236140012741088867e+00
2.236404418945312500e+00
2.236668825149536133e+00
2.236932992935180664e+00
2.237197399139404297e+00
2.237461566925048828e+00
2.237725734710693359e+00
2.237990140914916992e+00
2.238254308700561523e+00
2.238518953323364258e+00
2.238783121109008789e+00
2.239047288894653320e+00
2.239311695098876953e+00
2.239575862884521484e+00
2.239840030670166016e+00
2.240104436874389648e+00
2.240368843078613281e+00
2.240633010864257812e+00
2.240897417068481445e+00
2.241161584854125977e+00
2.241425991058349609e+00
2.241690158843994141e+00
2.241954565048217773e+00
2.242218971252441406e+00
2.242483139038085938e+00
2.242747306823730469e+00
2.243011713027954102e+00
2.243275880813598633e+00
2.243540048599243164e+00
2.243804693222045898e+00
2.244068861007690430e+00
2.244333028793334961e+00
2.244597434997558594e+00
2.244861602783203125e+00
2.245126008987426758e+00
2.245390415191650391e+00
2.245654582977294922e+00
2.245918989181518555e+00
2.246183156967163086e+00
2.246447324752807617e+00
2.246711730957031250e+00
2.246975898742675781e+00
2.247240304946899414e+00
2.247504711151123047e+00
2.247768878936767578e+00
2.248033285140991211e+00
2.248297452926635742e+00
2.248561620712280273e+00
2.248826265335083008e+00
2.249090433120727539e+00
2.249354600906372070e+00
2.249619007110595703e+00
2.249883174896240234e+00
2.250147342681884766e+00
2.250411748886108398e+00
2.250676155090332031e+00
2.250940322875976562e+00
2.251204729080200195e+00
2.251468896865844727e+00
2.251733303070068359e+00
2.251997470855712891e+00
2.252261877059936523e+00
2.252526283264160156e+00
2.252790451049804688e+00
2.253054618835449219e+00
2.253319025039672852e+00
2.253583192825317383e+00
2.253847360610961914e+00
2.254112005233764648e+00
2.254376173019409180e+00
2.254640579223632812e+00
2.254904747009277344e+00
2.255168914794921875e+00
2.255433320999145508e+00
2.255697727203369141e+00
2.255961894989013672e+00
2.256226301193237305e+00
2.256490468978881836e+00
2.256754636764526367e+00
2.257019042968750000e+00
2.257283210754394531e+00
2.257547616958618164e+00
2.257812023162841797e+00
2.258076190948486328e+00
2.258340597152709961e+00
2.258604764938354492e+00
2.258868932723999023e+00
2.259133338928222656e+00
2.259397745132446289e+00
2.259661912918090820e+00
2.259926319122314453e+00
2.260190486907958984e+00
2.260454654693603516e+00
2.260719060897827148e+00
2.260983467102050781e+00
2.261247873306274414e+00
2.261512041091918945e+00
2.261776208877563477e+00
2.262040615081787109e+00
2.262304782867431641e+00
2.262568950653076172e+00
2.262833595275878906e+00
2.263097763061523438e+00
2.263361930847167969e+00
2.263626337051391602e+00
2.263890504837036133e+00
2.264154672622680664e+00
2.264419317245483398e+00
2.264683485031127930e+00
2.264947891235351562e+00
2.265212059020996094e+00
2.265476226806640625e+00
2.265740633010864258e+00
2.266004800796508789e+00
2.266269207000732422e+00
2.266533613204956055e+00
2.266797780990600586e+00
2.267061948776245117e+00
2.267326354980468750e+00
2.267590522766113281e+00
2.267855167388916016e+00
2.268119335174560547e+00
2.268383502960205078e+00
2.268647909164428711e+00
2.268912076950073242e+00
2.269176244735717773e+00
2.269440650939941406e+00
2.269705057144165039e+00
2.269969224929809570e+00
2.270233631134033203e+00
2.270497798919677734e+00
2.270762205123901367e+00
2.271026372909545898e+00
2.271290779113769531e+00
2.271555185317993164e+00
2.271819353103637695e+00
2.272083520889282227e+00
2.272347927093505859e+00
2.272612094879150391e+00
2.272876262664794922e+00
2.273140907287597656e+00
2.273405075073242188e+00
2.273669242858886719e+00
2.273933649063110352e+00
2.274197816848754883e+00
2.274462223052978516e+00
2.274726629257202148e+00
2.274990797042846680e+00
2.275255203247070312e+00
2.275519371032714844e+00
2.275783538818359375e+00
2.276047945022583008e+00
2.276312112808227539e+00
2.276576519012451172e+00
2.276840925216674805e+00
2.277105093002319336e+00
2.277369499206542969e+00
2.277633666992187500e+00
2.277897834777832031e+00
2.278162240982055664e+00
2.278426647186279297e+00
2.278690814971923828e+00
2.278955221176147461e+00
2.279219388961791992e+00
2.279483556747436523e+00
2.279747962951660156e+00
2.280012369155883789e+00
2.280276536941528320e+00
2.280540943145751953e+00
2.280805110931396484e+00
2.281069517135620117e+00
2.281333684921264648e+00
2.281597852706909180e+00
2.281862497329711914e+00
2.282126665115356445e+00
2.282390832901000977e+00
2.282655239105224609e+00
2.282919406890869141e+00
2.283183574676513672e+00
2.283448219299316406e+00
2.283712387084960938e+00
2.283976793289184570e+00
2.284240961074829102e+00
2.284505128860473633e+00
2.284769535064697266e+00
2.285033702850341797e+00
2.285298109054565430e+00
2.285562515258789062e+00
2.285826683044433594e+00
2.286090850830078125e+00
2.286355257034301758e+00
2.286619424819946289e+00
2.286883831024169922e+00
2.287148237228393555e+00
2.287412405014038086e+00
2.287676811218261719e+00
2.287940979003906250e+00
2.288205146789550781e+00
2.288469552993774414e+00
2.288733959197998047e+00
2.288998126983642578e+00
2.289262533187866211e+00
2.289526700973510742e+00
2.289790868759155273e+00
2.290055274963378906e+00
2.290319681167602539e+00
2.290584087371826172e+00
2.290848255157470703e+00
2.291112422943115234e+00
2.291376829147338867e+00
2.291640996932983398e+00
2.291905164718627930e+00
2.292169809341430664e+00
2.292433977127075195e+00
2.292698144912719727e+00
2.292962551116943359e+00
2.293226718902587891e+00
2.293490886688232422e+00
2.293755531311035156e+00
2.294019699096679688e+00
2.294284105300903320e+00
2.294548273086547852e+00
2.294812440872192383e+00
2.295076847076416016e+00
2.295341014862060547e+00
2.295605421066284180e+00
2.295869827270507812e+00
2.296133995056152344e+00
2.296398162841796875e+00
2.296662569046020508e+00
2.296926736831665039e+00
2.297191143035888672e+00
2.297455549240112305e+00
2.297719717025756836e+00
2.297984123229980469e+00
2.298248291015625000e+00
2.298512458801269531e+00
2.298776865005493164e+00
2.299041271209716797e+00
2.299305438995361328e+00
2.299569845199584961e+00
2.299834012985229492e+00
2.300098180770874023e+00
2.300362586975097656e+00
2.300626993179321289e+00
2.300891399383544922e+00
2.301155567169189453e+00
2.301419734954833984e+00
2.301684141159057617e+00
2.301948308944702148e+00
2.302212476730346680e+00
2.302477121353149414e+00
2.302741289138793945e+00
2.303005456924438477e+00
2.303269863128662109e+00
2.303534030914306641e+00
2.303798437118530273e+00
2.304062604904174805e+00
2.304327011108398438e+00
2.304591417312622070e+00
2.304855585098266602e+00
2.305119752883911133e+00
2.305384159088134766e+00
2.305648326873779297e+00
2.305912733078002930e+00
2.306177139282226562e+00
2.306441307067871094e+00
2.306705474853515625e+00
2.306969881057739258e+00
2.307234048843383789e+00
2.307498455047607422e+00
2.307762861251831055e+00
2.308027029037475586e+00
2.308291435241699219e+00
2.308555603027343750e+00
2.308819770812988281e+00
2.309084177017211914e+00
2.309348583221435547e+00
2.309612751007080078e+00
2.309877157211303711e+00
2.310141324996948242e+00
2.310405731201171875e+00
2.310669898986816406e+00
2.310934066772460938e+00
2.311198711395263672e+00
2.311462879180908203e+00
2.311727046966552734e+00
2.311991453170776367e+00
2.312255620956420898e+00
2.312519788742065430e+00
2.312784433364868164e+00
2.313048601150512695e+00
2.313312768936157227e+00
2.313577175140380859e+00
2.313841342926025391e+00
2.314105749130249023e+00
2.314369916915893555e+00
2.314634323120117188e+00
2.314898729324340820e+00
2.315162897109985352e+00
2.315427064895629883e+00
2.315691471099853516e+00
2.315955638885498047e+00
2.316220045089721680e+00
2.316484451293945312e+00
2.316748619079589844e+00
2.317013025283813477e+00
2.317277193069458008e+00
2.317541360855102539e+00
2.317805767059326172e+00
2.318070173263549805e+00
2.318334341049194336e+00
2.318598747253417969e+00
2.318862915039062500e+00
2.319127082824707031e+00
2.319391489028930664e+00
2.319655895233154297e+00
2.319920063018798828e+00
2.320184469223022461e+00
2.320448637008666992e+00
2.320713043212890625e+00
2.320977210998535156e+00
2.321241378784179688e+00
2.321506023406982422e+00
2.321770191192626953e+00
2.322034358978271484e+00
2.322298765182495117e+00
2.322562932968139648e+00
2.322827100753784180e+00
2.323091506958007812e+00
2.323355913162231445e+00
2.323620319366455078e+00
2.323884487152099609e+00
2.324148654937744141e+00
2.324413061141967773e+00
2.324677228927612305e+00
2.324941635131835938e+00
2.325206041336059570e+00
2.325470209121704102e+00
2.325734376907348633e+00
2.325998783111572266e+00
2.326262950897216797e+00
2.326527118682861328e+00
2.326791763305664062e+00
2.327055931091308594e+00
2.327320337295532227e+00
2.327584505081176758e+00
2.327848672866821289e+00
2.328113079071044922e+00
2.328377485275268555e+00
2.328641653060913086e+00
2.328906059265136719e+00
2.329170227050781250e+00
2.329434394836425781e+00
2.329698801040649414e+00
2.329962968826293945e+00
2.330227613449096680e+00
2.330491781234741211e+00
2.330755949020385742e+00
2.331020355224609375e+00
2.331284523010253906e+00
2.331548690795898438e+00
2.331813335418701172e+00
2.332077503204345703e+00
2.332341670989990234e+00
2.332606077194213867e+00
2.332870244979858398e+00
2.333134651184082031e+00
2.333398818969726562e+00
2.333663225173950195e+00
2.333927631378173828e+00
2.334191799163818359e+00
2.334455966949462891e+00
2.334720373153686523e+00
2.334984540939331055e+00
2.335248947143554688e+00
2.335513353347778320e+00
2.335777521133422852e+00
2.336041688919067383e+00
2.336306095123291016e+00
2.336570262908935547e+00
2.336834669113159180e+00
2.337099075317382812e+00
2.337363243103027344e+00
2.337627649307250977e+00
2.337891817092895508e+00
2.338155984878540039e+00
2.338420391082763672e+00
2.338684797286987305e+00
2.338948965072631836e+00
2.339213371276855469e+00
2.339477539062500000e+00
2.339741945266723633e+00
2.340006113052368164e+00
2.340270280838012695e+00
2.340534925460815430e+00
2.340799093246459961e+00
2.341063261032104492e+00
2.341327667236328125e+00
2.341591835021972656e+00
2.341856002807617188e+00
2.342120409011840820e+00
2.342384815216064453e+00
2.342648983001708984e+00
2.342913389205932617e+00
2.343177556991577148e+00
2.343441963195800781e+00
2.343706130981445312e+00
2.343970537185668945e+00
2.344234943389892578e+00
2.344499111175537109e+00
2.344763278961181641e+00
2.345027685165405273e+00
2.345291852951049805e+00
2.345556259155273438e+00
2.345820665359497070e+00
2.346084833145141602e+00
2.346349239349365234e+00
2.346613407135009766e+00
2.346877574920654297e+00
2.347141981124877930e+00
2.347406387329101562e+00
2.347670555114746094e+00
2.347934961318969727e+00
2.348199129104614258e+00
2.348463296890258789e+00
2.348727703094482422e+00
2.348991870880126953e+00
2.349256277084350586e+00
2.349520683288574219e+00
2.349784851074218750e+00
2.350049257278442383e+00
2.350313425064086914e+00
2.350577592849731445e+00
2.350842237472534180e+00
2.351106405258178711e+00
2.351370573043823242e+00
2.351634979248046875e+00
2.351899147033691406e+00
2.352163314819335938e+00
2.352427721023559570e+00
2.352692127227783203e+00
2.352956533432006836e+00
2.353220701217651367e+00
2.353484869003295898e+00
2.353749275207519531e+00
2.354013442993164062e+00
2.354277849197387695e+00
2.354542255401611328e+00
2.354806423187255859e+00
2.355070590972900391e+00
2.355334997177124023e+00
2.355599164962768555e+00
2.355863332748413086e+00
2.356127977371215820e+00
2.356392145156860352e+00
2.356656551361083984e+00
2.356920719146728516e+00
2.357184886932373047e+00
2.357449293136596680e+00
2.357713699340820312e+00
2.357977867126464844e+00
2.358242273330688477e+00
2.358506441116333008e+00
2.358770608901977539e+00
2.359035015106201172e+00
2.359299182891845703e+00
2.359563827514648438e+00
2.359827995300292969e+00
2.360092163085937500e+00
2.360356569290161133e+00
2.360620737075805664e+00
2.360884904861450195e+00
2.361149311065673828e+00
2.361413717269897461e+00
2.361677885055541992e+00
2.361942291259765625e+00
2.362206459045410156e+00
2.362470626831054688e+00
2.362735033035278320e+00
2.362999439239501953e+00
2.363263845443725586e+00
2.363528013229370117e+00
2.363792181015014648e+00
2.364056587219238281e+00
2.364320755004882812e+00
2.364585161209106445e+00
2.364849567413330078e+00
2.365113735198974609e+00
2.365377902984619141e+00
2.365642309188842773e+00
2.365906476974487305e+00
2.366170883178710938e+00
2.366435289382934570e+00
2.366699457168579102e+00
2.366963863372802734e+00
2.367228031158447266e+00
2.367492198944091797e+00
2.367756605148315430e+00
2.368020772933959961e+00
2.368285179138183594e+00
2.368549585342407227e+00
2.368813753128051758e+00
2.369077920913696289e+00
2.369342327117919922e+00
2.369606494903564453e+00
2.369871139526367188e+00
2.370135307312011719e+00
2.370399475097656250e+00
2.370663881301879883e+00
2.370928049087524414e+00
2.371192216873168945e+00
2.371456623077392578e+00
2.371721029281616211e+00
2.371985197067260742e+00
2.372249603271484375e+00
2.372513771057128906e+00
2.372778177261352539e+00
2.373042345046997070e+00
2.373306751251220703e+00
2.373571157455444336e+00
2.373835325241088867e+00
2.374099493026733398e+00
2.374363899230957031e+00
2.374628067016601562e+00
2.374892234802246094e+00
2.375156879425048828e+00
2.375421047210693359e+00
2.375685214996337891e+00
2.375949621200561523e+00
2.376213788986206055e+00
2.376478195190429688e+00
2.376742601394653320e+00
2.377006769180297852e+00
2.377271175384521484e+00
2.377535343170166016e+00
2.377799510955810547e+00
2.378063917160034180e+00
2.378328084945678711e+00
2.378592491149902344e+00
2.378856897354125977e+00
2.379121065139770508e+00
2.379385471343994141e+00
2.379649639129638672e+00
2.379913806915283203e+00
2.380178213119506836e+00
2.380442619323730469e+00
2.380706787109375000e+00
2.380971193313598633e+00
2.381235361099243164e+00
2.381499528884887695e+00
2.381763935089111328e+00
2.382028341293334961e+00
2.382292509078979492e+00
2.382556915283203125e+00
2.382821083068847656e+00
2.383085489273071289e+00
2.383349657058715820e+00
2.383614063262939453e+00
2.383878469467163086e+00
2.384142637252807617e+00
2.384406805038452148e+00
2.384671211242675781e+00
2.384935379028320312e+00
2.385199546813964844e+00
2.385464191436767578e+00
2.385728359222412109e+00
2.385992765426635742e+00
2.386256933212280273e+00
2.386521100997924805e+00
2.386785507202148438e+00
2.387049674987792969e+00
2.387314081192016602e+00
2.387578487396240234e+00
2.387842655181884766e+00
2.388106822967529297e+00
2.388371229171752930e+00
2.388635396957397461e+00
2.388899803161621094e+00
2.389164209365844727e+00
2.389428377151489258e+00
2.389692783355712891e+00
2.389956951141357422e+00
2.390221118927001953e+00
2.390485525131225586e+00
2.390749931335449219e+00
2.391014099121093750e+00
2.391278505325317383e+00
2.391542673110961914e+00
2.391806840896606445e+00
2.392071247100830078e+00
2.392335653305053711e+00
2.392600059509277344e+00
2.392864227294921875e+00
2.393128395080566406e+00
2.393392801284790039e+00
2.393656969070434570e+00
2.393921136856079102e+00
2.394185781478881836e+00
2.394449949264526367e+00
2.394714117050170898e+00
2.394978523254394531e+00
2.395242691040039062e+00
2.395507097244262695e+00
2.395771503448486328e+00
2.396035671234130859e+00
2.396300077438354492e+00
2.396564245223999023e+00
2.396828413009643555e+00
2.397092819213867188e+00
2.397356986999511719e+00
2.397621393203735352e+00
2.397885799407958984e+00
2.398149967193603516e+00
2.398414134979248047e+00
2.398678541183471680e+00
2.398942708969116211e+00
2.399207115173339844e+00
2.399471521377563477e+00
2.399735689163208008e+00
2.400000095367431641e+00
